id:1
1;0;1;1;1
2;0;1;4;4
3;2;3;0;0
4;0;1;3;3
5;3;3;1;2
6;3;3;3;4
id:2
1;1;2;0;0
2;1;2;3;3
3;1;2;4;4
4;3;3;2;3
5;0;0;1;2
6;4;4;1;2
id:3
1;0;1;4;4
2;3;4;4;4
3;3;4;3;3
4;2;2;0;1
5;3;3;0;1
6;2;2;2;3
id:4
1;0;1;3;3
2;3;4;3;3
3;2;3;1;1
4;1;2;2;2
5;3;4;0;0
6;0;0;0;1
7;4;4;1;2
id:5
1;1;2;4;4
2;0;1;0;0
3;1;2;1;1
4;1;2;2;2
5;4;4;2;3
6;4;4;0;1
id:6
1;0;1;0;0
2;2;3;2;2
3;3;4;3;3
4;0;1;2;2
5;2;2;0;1
6;3;3;0;1
7;2;2;3;4
id:7
1;0;1;4;4
2;2;3;2;2
3;3;4;4;4
4;1;2;0;0
5;1;1;1;2
6;4;4;2;3
id:8
1;0;1;2;2
2;2;3;3;3
3;2;3;2;2
4;0;1;4;4
5;4;4;2;3
6;3;3;0;1
id:9
1;2;3;4;4
2;1;2;0;0
3;0;1;2;2
4;1;2;3;3
5;0;1;1;1
6;2;2;1;2
7;3;3;0;1
id:10
1;0;1;0;0
2;1;2;3;3
3;0;1;2;2
4;2;3;1;1
5;3;3;3;4
6;0;0;3;4
7;4;4;2;3
id:11
1;3;4;0;0
2;0;1;4;4
3;0;1;3;3
4;2;3;4;4
5;3;3;2;3
6;2;2;0;1
id:12
1;3;4;2;2
2;1;2;4;4
3;3;4;1;1
4;3;4;4;4
5;0;0;1;2
6;2;2;2;3
id:13
1;3;4;4;4
2;0;1;1;1
3;0;1;2;2
4;3;4;3;3
5;1;2;3;3
6;4;4;1;2
7;3;3;1;2
id:14
1;2;3;2;2
2;3;4;4;4
3;1;2;1;1
4;2;3;0;0
5;0;1;4;4
6;4;4;0;1
7;1;1;2;3
id:15
1;1;2;1;1
2;1;2;4;4
3;1;2;0;0
4;3;4;0;0
5;3;3;1;2
6;4;4;1;2
7;2;2;2;3
id:16
1;0;1;1;1
2;0;1;2;2
3;3;4;1;1
4;3;4;2;2
5;4;4;3;4
6;2;2;3;4
7;3;3;3;4
id:17
1;1;2;2;2
2;3;4;3;3
3;1;2;0;0
4;3;4;1;1
5;0;0;2;3
6;1;1;3;4
id:18
1;1;2;3;3
2;0;1;4;4
3;3;4;4;4
4;1;2;2;2
5;0;1;1;1
6;3;3;1;2
7;0;0;2;3
id:19
1;1;2;4;4
2;3;4;2;2
3;3;4;4;4
4;0;1;2;2
5;0;0;0;1
6;4;4;0;1
7;1;1;0;1
id:20
1;3;4;0;0
2;1;2;3;3
3;0;1;2;2
4;1;2;4;4
5;3;3;2;3
6;4;4;2;3
id:21
1;3;4;2;2
2;1;2;0;0
3;1;2;2;2
4;1;2;1;1
5;2;2;3;4
6;0;0;3;4
7;0;0;0;1
id:22
1;1;2;1;1
2;3;4;3;3
3;0;1;3;3
4;1;2;2;2
5;2;2;3;4
6;4;4;0;1
7;3;3;1;2
id:23
1;1;2;1;1
2;3;4;0;0
3;2;3;4;4
4;0;1;3;3
5;4;4;2;3
6;2;2;2;3
id:24
1;3;4;4;4
2;2;3;0;0
3;2;3;1;1
4;2;3;2;2
5;0;0;1;2
6;0;0;3;4
7;1;1;0;1
id:25
1;1;2;1;1
2;2;3;0;0
3;3;4;1;1
4;3;4;2;2
5;1;1;2;3
6;0;0;0;1
7;2;2;3;4
id:26
1;1;2;4;4
2;2;3;0;0
3;0;1;3;3
4;3;4;4;4
5;2;2;1;2
6;4;4;0;1
id:27
1;2;3;0;0
2;2;3;1;1
3;1;2;2;2
4;1;2;3;3
5;0;0;3;4
6;4;4;2;3
7;3;3;3;4
id:28
1;2;3;2;2
2;1;2;3;3
3;3;4;4;4
4;3;4;3;3
5;0;0;2;3
6;1;1;1;2
7;0;0;0;1
id:29
1;0;1;3;3
2;0;1;0;0
3;3;4;4;4
4;0;0;1;2
5;4;4;2;3
6;2;2;3;4
id:30
1;3;4;1;1
2;0;1;1;1
3;3;4;4;4
4;0;1;2;2
5;2;2;1;2
6;1;1;3;4
7;3;3;2;3
